0.09265812486410141
0.011030827648937702
0.010965497232973576
0.010384589433670044
0.01038310956209898
0.010229809209704399
0.010115322656929493
0.010112008079886436
0.010064001195132732
0.01005766075104475
0.010042555630207062
0.010029610246419907
0.009899555705487728
0.00987416971474886
0.009823579341173172
0.009804077446460724
0.009791910648345947
0.009775395505130291
0.009771631099283695
0.00975794531404972
0.009747535921633244
0.009743857197463512
0.009733768180012703
0.009727546945214272
0.00972189661115408
0.00971643440425396
0.009716195054352283
0.009712743572890759
0.009652194567024708
0.009642105549573898
0.009631184861063957
0.009629444219172001
0.009625913575291634
0.009625091217458248
0.009620445780456066
0.009620397351682186
0.0096173956990242
0.009589417837560177
0.009581401944160461
0.009568708948791027
0.009562525898218155
0.009558239951729774
0.009553171694278717
0.009537219069898129
0.009537121281027794
0.009523929096758366
0.009521533735096455
0.009518500417470932
0.009518402628600597
0.009511110372841358
0.009493370540440083
0.009493223391473293
0.009490672498941422
0.009488709270954132
0.009476580657064915
0.009474270045757294
0.009473434649407864
0.009472353383898735
0.009471272118389606
0.009467190131545067
0.009466058574616909
0.009465468116104603
### epochs: 103900
