0.12531128525733948
0.012435304932296276
0.011199909262359142
0.010489527136087418
0.010364660993218422
0.009981254115700722
0.009791720658540726
0.009737163782119751
0.009694604203104973
0.009681914933025837
0.009619961492717266
0.009600968100130558
0.009597474709153175
0.009583491832017899
0.009521093219518661
0.009519918821752071
0.009483653120696545
0.009462614543735981
0.009450205601751804
0.009447840042412281
0.009447642602026463
0.009445473551750183
0.009437385015189648
0.009420198388397694
0.009418022818863392
0.009400999173521996
0.009397432208061218
0.009394260123372078
0.009374610148370266
0.009370636194944382
0.009347350336611271
0.009346951730549335
0.00933837890625
0.009335785172879696
0.009333590976893902
0.009320010431110859
0.00930781103670597
0.009307211264967918
0.009306410327553749
0.009294794872403145
0.009293792769312859
0.009289983659982681
0.009285973384976387
0.009279150515794754
0.009251206181943417
0.009248588234186172
0.00924395490437746
### epochs: 103900
