0.11609476804733276
0.017332373186945915
0.01653275452554226
0.01630130037665367
0.016185367479920387
0.016174200922250748
0.0161695946007967
0.015969647094607353
0.015969064086675644
0.01595867983996868
0.015931110829114914
0.015919415280222893
0.01591075398027897
0.01589658297598362
0.015893183648586273
0.015891660004854202
0.015767166391015053
0.01575298421084881
0.015748608857393265
0.01574801653623581
0.015705615282058716
0.01569920964539051
0.015698498114943504
0.01566702499985695
0.015665004029870033
0.015663575381040573
0.01566333882510662
0.01566310040652752
0.015644894912838936
0.0156397745013237
0.015635725110769272
0.01563226990401745
0.01562201976776123
0.015618800185620785
0.015615460462868214
0.015615222044289112
0.01560603454709053
0.015604243613779545
0.015602333471179008
0.015602095052599907
0.015600423328578472
0.01560018490999937
0.01560006570070982
0.015590151771903038
0.015589435584843159
0.015585730783641338
0.015582503750920296
0.015581547282636166
0.01558130793273449
0.01553653459995985
0.015534496866166592
0.015534136444330215
0.015533297322690487
0.015531858429312706
0.015530658885836601
0.015530419535934925
0.0155302993953228
0.015525980852544308
0.015525021590292454
0.015522141009569168
0.01552142109721899
0.015520221553742886
0.01552010141313076
0.015501968562602997
0.015500767156481743
0.015500286594033241
0.01550004631280899
0.015482009388506413
0.015479964204132557
0.015475993044674397
0.015475752763450146
0.015439964830875397
0.015437068417668343
0.015435862354934216
0.01543550007045269
0.015434414148330688
0.015434293076395988
0.015433810651302338
0.015433328226208687
0.015433087013661861
0.015432724729180336
0.015432121232151985
0.015431155450642109
0.015417871996760368
0.015417267568409443
0.015417147427797318
0.015417026355862617
0.015415455214679241
0.015415214002132416
0.015414971858263016
0.01540784165263176
0.01540772058069706
0.01540747843682766
0.015407237224280834
0.015406874008476734
0.0153873972594738
0.0153871551156044
0.015386912971735
0.0153867918998003
0.0153865497559309
0.0153863076120615
### epochs: 103900
