0.11079426109790802
0.010197986848652363
0.008968430571258068
0.008833876810967922
0.008058027364313602
0.007916473783552647
0.007741366047412157
0.007653769571334124
0.007550371810793877
0.00753159960731864
0.0075090606696903706
0.007460533641278744
0.0074144527316093445
0.00732498150318861
0.007233889307826757
0.007220229599624872
0.007214809767901897
0.007195938844233751
0.007189723663032055
0.007187651004642248
0.007185836788266897
0.007138504646718502
0.007116552442312241
0.007112101651728153
0.007102142553776503
0.0070750778540968895
0.007061901967972517
0.007048965897411108
0.007016388699412346
0.006980991922318935
0.006969509180635214
0.0069657666608691216
0.006961754523217678
0.006952115800231695
0.0069494363851845264
0.006933873053640127
0.006920159328728914
0.0069112712517380714
0.0068977829068899155
0.0068647596053779125
0.006863945163786411
0.006842473987489939
0.00683975126594305
0.006838389206677675
0.006829122081398964
0.006823937874287367
0.006806446239352226
0.00679055554792285
0.0067762769758701324
0.006762243807315826
0.006752596236765385
0.006752044428139925
0.006744591984897852
0.006737684365361929
0.006735195405781269
0.006734642665833235
0.006727447733283043
0.006723293103277683
0.0067183044739067554
0.00671691820025444
0.0066841160878539085
0.00668049231171608
0.006674913689494133
0.006672680843621492
0.006669888738542795
0.0066656987182796
0.0066595482639968395
0.006655071396380663
0.006638818420469761
0.0066379765048623085
0.006634889170527458
0.006628710310906172
0.006623650435358286
### epochs: 103900
