0.0684090182185173
0.02231055125594139
0.02228105068206787
0.0222104974091053
0.022172223776578903
0.022150790318846703
0.02194579876959324
0.02192974090576172
0.02189764380455017
0.02189532481133938
0.021893730387091637
0.0218912735581398
0.021887263283133507
0.021877815946936607
0.021877560764551163
0.021869651973247528
0.02186802215874195
0.021865712478756905
0.021862857043743134
0.02186007797718048
0.021857714280486107
0.021852023899555206
0.02185155637562275
0.021851448342204094
0.02180321328341961
0.021799955517053604
0.02179480716586113
0.02179316245019436
0.021792905405163765
0.021792327985167503
0.02176162227988243
0.02175326459109783
0.021747056394815445
0.02174324356019497
0.021742848679423332
0.0217311829328537
0.021727927029132843
0.021726736798882484
0.021726394072175026
0.021726148203015327
0.021725889295339584
0.021725354716181755
0.02169967256486416
0.021689722314476967
0.02168886363506317
0.021681390702724457
0.02167721465229988
0.021674754098057747
0.02167321741580963
0.021671133115887642
0.021670864894986153
0.021670596674084663
0.021661730483174324
0.02166164480149746
0.02166137658059597
0.021661290898919106
0.021651173010468483
0.021650774404406548
0.02165054902434349
0.021650442853569984
0.021643009036779404
0.021642999723553658
0.021642934530973434
0.02156360074877739
0.021562455222010612
0.02156038209795952
0.021560296416282654
0.021560220047831535
0.021556202322244644
0.02155449613928795
0.021554410457611084
0.021554388105869293
0.02155436761677265
0.021553557366132736
0.021552681922912598
0.021552378311753273
0.02155235782265663
0.0215523149818182
0.02155211940407753
0.02155209891498089
0.02155151404440403
0.02155112661421299
0.021550973877310753
0.021533899009227753
0.021533120423555374
0.02153262309730053
0.0215302761644125
0.02153019979596138
0.02153017930686474
0.021530145779252052
0.021528631448745728
0.021528469398617744
0.021528372541069984
0.02152658812701702
0.02152312733232975
0.02152283489704132
### epochs: 103900
