0.11646643280982971
0.020944220945239067
0.020616605877876282
0.020105965435504913
0.02009994350373745
0.02008269913494587
0.02007398009300232
0.02007240243256092
0.020055320113897324
0.020019065588712692
0.020000169053673744
0.019973888993263245
0.01995074935257435
0.01994514651596546
0.01993729919195175
0.019936926662921906
0.01993580535054207
0.019874699413776398
0.019874606281518936
0.01987413875758648
0.019872356206178665
0.019789231941103935
0.0197779331356287
0.019758712500333786
0.019751451909542084
0.019747396931052208
0.019744565710425377
0.019740508869290352
0.019739942625164986
0.019737867638468742
0.019731638953089714
0.019730977714061737
0.01972757838666439
0.01972748339176178
0.01964232325553894
0.019626669585704803
0.01962496154010296
0.019624771550297737
0.019623063504695892
0.019622493535280228
0.019622115418314934
0.019620025530457497
0.019619930535554886
0.019619835540652275
0.0195505041629076
0.019547265022993088
0.019546788185834885
0.019543739035725594
0.01954326219856739
0.019537638872861862
0.01953411102294922
0.019530009478330612
0.019529342651367188
0.019521519541740417
### epochs: 103900
