0.08319519460201263
0.0265849269926548
0.02634877897799015
0.026330409571528435
0.02618587762117386
0.026110459119081497
0.026019828394055367
0.026015587151050568
0.026014404371380806
0.026007136330008507
0.025994224473834038
0.025991303846240044
0.025991268455982208
0.025990229099988937
0.025990067049860954
0.02598997764289379
0.025878870859742165
0.02587674744427204
0.025876639410853386
0.0258747860789299
0.025829050689935684
0.025826923549175262
0.025826256722211838
0.025823984295129776
0.02579083852469921
0.02579004317522049
0.025789573788642883
0.025785457342863083
0.02578415721654892
0.02566433884203434
0.02560964971780777
0.025597427040338516
0.02559240534901619
0.02558913081884384
0.02558720111846924
0.025586819276213646
0.025586582720279694
0.02558647282421589
0.02558610960841179
0.025585126131772995
0.025585072115063667
0.02558501809835434
0.025584980845451355
0.025584908202290535
0.025584690272808075
0.02558450773358345
0.025584343820810318
0.025562074035406113
0.025561856105923653
0.025547241792082787
0.025547059252858162
0.025546293705701828
0.025546256452798843
0.025545965880155563
0.02554592862725258
0.025545382872223854
0.025545163080096245
0.02554483525454998
0.025544634088873863
0.025544526055455208
0.02554439753293991
0.02554432488977909
0.025544142350554466
0.025543613359332085
0.02554115280508995
0.025540204718708992
0.025539986789226532
### epochs: 103900
