0.08917541056871414
0.016564102843403816
0.01638222672045231
0.016216956079006195
0.016069641336798668
0.01604185812175274
0.016003204509615898
0.015931053087115288
0.01578841544687748
0.015770945698022842
0.015763916075229645
0.01576034165918827
0.015723129734396935
0.01572238840162754
0.015707068145275116
0.015690427273511887
0.01567082852125168
0.015634087845683098
0.015605497173964977
0.015602960251271725
0.015602811239659786
0.015596811659634113
0.01559403445571661
0.015591735020279884
0.015484536066651344
0.015474277548491955
0.01547159906476736
0.015444879420101643
0.015444789081811905
0.015444578602910042
0.015444155782461166
0.01539378147572279
0.015382070094347
0.01538079883903265
0.0153800118714571
0.015378618612885475
0.015377771109342575
0.015377679839730263
0.0153769226744771
0.015376832336187363
0.0153768016025424
0.01537625677883625
0.015366926789283752
0.015366804786026478
0.015366683714091778
0.015365411527454853
0.015353587456047535
0.01535334438085556
0.01535328384488821
0.015344485640525818
0.015343484468758106
0.015340904705226421
0.015339842066168785
0.015339811332523823
0.01533965952694416
0.015339143574237823
0.015337321907281876
0.015335955657064915
0.015324869193136692
0.015320432372391224
0.015320036560297012
0.01531976368278265
0.015319672413170338
0.015319033525884151
0.015315933153033257
0.015315628610551357
0.015315507538616657
0.015315447002649307
### epochs: 104300
