0.07074461877346039
0.014698467217385769
0.014397150836884975
0.014316045679152012
0.014167224988341331
0.014164545573294163
0.014150303788483143
0.014115625061094761
0.01409680861979723
0.014077454805374146
0.014076776802539825
0.014059580862522125
0.014038500376045704
0.014035564847290516
0.013913321308791637
0.013894784264266491
0.013876491226255894
0.013871254399418831
0.013871002942323685
0.013869139365851879
0.013866806402802467
0.013865899294614792
0.01386027317494154
0.013858962804079056
0.01383520383387804
0.013812516815960407
0.01378850918263197
0.0137812290340662
0.013779151253402233
0.013777580112218857
0.013775382190942764
0.013771561905741692
0.013770936988294125
0.013770733959972858
0.013770547695457935
0.013755694963037968
0.013752478174865246
0.01375205535441637
0.0137518011033535
0.013751378282904625
0.01374971866607666
0.013748685829341412
0.013741282746195793
0.013739638961851597
0.013739028945565224
0.013738859444856644
0.013738605193793774
0.01373336836695671
0.01373211294412613
0.013730943202972412
0.013730655424296856
0.013729671947658062
0.01372917927801609
0.013729044236242771
0.01372900977730751
0.01372816227376461
0.013724176213145256
0.013723429292440414
0.013721834868192673
0.013719119131565094
0.013719051145017147
0.013705366291105747
0.013703973032534122
0.013699792325496674
0.013697192072868347
0.013696936890482903
0.013692346401512623
0.013691598549485207
0.013691122643649578
0.013688350096344948
0.013688146136701107
0.013684045523405075
0.01368370559066534
0.013683518394827843
0.013683263212442398
0.013682786375284195
0.013680540025234222
0.013679451309144497
0.013678123243153095
0.013678089715540409
0.013675927184522152
0.013675468042492867
0.013674871996045113
0.01367451436817646
0.013674224726855755
0.013674123212695122
0.013663800433278084
0.013660459779202938
0.013660102151334286
0.013659658841788769
0.013656078837811947
0.013655874878168106
0.013655329123139381
0.013655073009431362
0.013654748909175396
0.013654272072017193
0.013654203154146671
0.013653385452926159
0.013645418919622898
0.013645060360431671
0.013645026832818985
0.013644651509821415
0.01364369597285986
0.013643627054989338
0.013640453107655048
0.013640213757753372
0.013637721538543701
0.013637397438287735
0.013637243770062923
0.013637106865644455
### epochs: 103900
