0.1204967275261879
0.009588737972080708
0.007838444784283638
0.00732396449893713
0.006887513678520918
0.006621119100600481
0.006329436786472797
0.006204606965184212
0.006088849622756243
0.006071694195270538
0.00592072494328022
0.005807006731629372
0.005752867087721825
0.0057369801215827465
0.005629479885101318
0.005589300766587257
0.005542112980037928
0.0055249459110200405
0.005497570615261793
0.00549452006816864
0.0054914685897529125
0.005455395672470331
0.0054523223079741
0.005437612533569336
0.005420114379376173
0.005416676867753267
0.005405661650002003
0.0054025594145059586
0.00539393350481987
0.005393242463469505
0.005392551887780428
0.00537109375
0.005356508772820234
0.005326519720256329
0.00531882094219327
0.005315317772328854
0.0053111109882593155
0.0052956570871174335
0.00527768861502409
0.0052716853097081184
0.005270978435873985
0.005265321582555771
0.0052500879392027855
0.005241210572421551
0.005236233118921518
0.005232674535363913
0.0052312505431473255
0.005216631572693586
0.005194805562496185
0.005189065355807543
0.005186552181839943
0.005179004743695259
0.005170365795493126
0.005142913665622473
0.0051265899091959
0.0051254997961223125
0.00511531438678503
0.005105473101139069
0.005094882100820541
0.005090127233415842
0.005087565165013075
0.005069960840046406
0.005062607582658529
0.005058190785348415
0.005056349094957113
0.005055244080722332
0.005047131329774857
0.005044178105890751
0.005041962023824453
0.005040484014898539
0.0050375270657241344
0.005033827852457762
0.00502790417522192
0.005023085977882147
0.005009718704968691
0.005005999002605677
0.005003021564334631
0.005000414792448282
0.004998179152607918
0.004992959089577198
0.004984745290130377
0.0049622743390500546
0.0049618990160524845
0.0049615236930549145
### epochs: 104800
