0.08388373255729675
0.02254885621368885
0.022437497973442078
0.022386260330677032
0.022272376343607903
0.022240405902266502
0.02222008816897869
0.022206440567970276
0.022194232791662216
0.02218974195420742
0.022174270823597908
0.022164776921272278
0.02212555892765522
0.022123096510767937
0.022120529785752296
0.02201804704964161
0.022005543112754822
0.022003406658768654
0.022002751007676125
0.022001035511493683
0.021997861564159393
0.0219953004270792
0.021994199603796005
0.021978186443448067
0.021973969414830208
0.021971553564071655
0.021970070898532867
0.02196924388408661
0.021969223394989967
0.02196907438337803
0.021965067833662033
0.021953808143734932
0.021948758512735367
0.021948376670479774
0.02194795198738575
0.02192286029458046
0.021922308951616287
0.021921925246715546
0.021921776235103607
0.021848710253834724
0.02183545008301735
0.021833572536706924
0.021833188831806183
0.021831737831234932
0.021823888644576073
0.021823760122060776
0.021821070462465286
0.021820323541760445
0.021803010255098343
0.021798033267259598
0.021797755733132362
0.021726887673139572
0.021725814789533615
0.02172028459608555
0.021719876676797867
0.021719705313444138
0.02171805500984192
0.021718032658100128
0.02171732671558857
0.021717239171266556
0.02171713300049305
0.02169213816523552
0.02169140800833702
0.021691150963306427
0.0216902494430542
0.021690120920538902
0.02168629877269268
0.02168591134250164
0.021685589104890823
0.021685052663087845
0.021684259176254272
0.02168402262032032
0.021683765575289726
0.02168348617851734
0.021683335304260254
0.0216804351657629
0.021680328994989395
0.021680286154150963
0.021651851013302803
0.02165103331208229
0.02165101282298565
0.021647397428750992
0.02164737693965435
0.021647334098815918
0.021629126742482185
0.021626263856887817
0.021625962108373642
0.02162591926753521
0.021625833585858345
0.021618295460939407
0.02161642163991928
0.021616248413920403
### epochs: 103900
