0.060801126062870026
0.0191825982183218
0.01906755194067955
0.019044509157538414
0.018996892496943474
0.01888076402246952
0.01884373277425766
0.01882702112197876
0.018824992701411247
0.018818337470293045
0.018816011026501656
0.018814649432897568
0.018813375383615494
0.01881222426891327
0.018810367211699486
0.018810342997312546
0.018809959292411804
0.018809909000992775
0.018706578761339188
0.01869087666273117
0.01868710108101368
0.01868603006005287
0.018684858456254005
0.01868428662419319
0.01868402399122715
0.018682915717363358
0.018682653084397316
### epochs: 103900
