Before:
[[0.         0.        ]
 [0.5        0.33333333]
 [0.25       0.66666667]
 [0.75       0.11111111]
 [0.125      0.44444444]
 [0.625      0.77777778]
 [0.375      0.22222222]
 [0.875      0.55555556]
 [0.0625     0.88888889]
 [0.5625     0.03703704]
 [0.3125     0.37037037]
 [0.8125     0.7037037 ]
 [0.1875     0.14814815]
 [0.6875     0.48148148]
 [0.4375     0.81481481]
 [0.9375     0.25925926]
 [0.03125    0.59259259]
 [0.53125    0.92592593]
 [0.28125    0.07407407]
 [0.78125    0.40740741]
 [0.15625    0.74074074]
 [0.65625    0.18518519]
 [0.40625    0.51851852]
 [0.90625    0.85185185]
 [0.09375    0.2962963 ]
 [0.59375    0.62962963]
 [0.34375    0.96296296]
 [0.84375    0.01234568]
 [0.21875    0.34567901]
 [0.71875    0.67901235]
 [0.46875    0.12345679]
 [0.96875    0.45679012]
 [0.015625   0.79012346]
 [0.515625   0.2345679 ]
 [0.265625   0.56790123]
 [0.765625   0.90123457]
 [0.140625   0.04938272]
 [0.640625   0.38271605]
 [0.390625   0.71604938]
 [0.890625   0.16049383]
 [0.078125   0.49382716]
 [0.578125   0.82716049]
 [0.328125   0.27160494]
 [0.828125   0.60493827]
 [0.203125   0.9382716 ]
 [0.703125   0.08641975]
 [0.453125   0.41975309]
 [0.953125   0.75308642]
 [0.046875   0.19753086]
 [0.546875   0.5308642 ]
 [0.296875   0.86419753]
 [0.796875   0.30864198]
 [0.171875   0.64197531]
 [0.671875   0.97530864]
 [0.421875   0.02469136]
 [0.921875   0.35802469]
 [0.109375   0.69135802]
 [0.609375   0.13580247]
 [0.359375   0.4691358 ]
 [0.859375   0.80246914]]

after:
[[0.00712365 0.00712341]
 [0.5045476  0.31924972]
 [0.25497785 0.66472292]
 [0.74898511 0.08945017]
 [0.14606108 0.44394115]
 [0.62495184 0.75366277]
 [0.38944799 0.2087048 ]
 [0.86790472 0.55564749]
 [0.05775715 0.87501532]
 [0.56050396 0.01446478]
 [0.30326548 0.37023932]
 [0.79155946 0.70497411]
 [0.19904117 0.15692112]
 [0.68716824 0.49190307]
 [0.45126525 0.80064082]
 [0.93471056 0.25326729]
 [0.02244695 0.59337705]
 [0.51095289 0.90995103]
 [0.26756671 0.07471914]
 [0.75562578 0.41300836]
 [0.16565882 0.77810055]
 [0.67110485 0.19474523]
 [0.42824227 0.52593541]
 [0.90124834 0.87061894]
 [0.10064466 0.28384566]
 [0.58984905 0.62221116]
 [0.35637337 0.95386428]
 [0.86100388 0.        ]
 [0.22540292 0.33768398]
 [0.70801139 0.67213386]
 [0.4733997  0.10919841]
 [0.97214556 0.45969421]
 [0.         0.8081919 ]
 [0.53701866 0.24049935]
 [0.28454351 0.58109003]
 [0.73338538 0.89005077]
 [0.13268483 0.04080275]
 [0.64173675 0.38510147]
 [0.4012464  0.72392774]
 [0.87394309 0.16773508]
 [0.07352981 0.50573313]
 [0.56738579 0.83082801]
 [0.33639973 0.26554719]
 [0.82074261 0.5961132 ]
 [0.21652266 0.92736548]
 [0.72001451 0.04599243]
 [0.46910921 0.43123114]
 [0.95291775 0.7360031 ]
 [0.04744232 0.18223472]
 [0.54855371 0.55058062]
 [0.32237697 0.85203916]
 [0.78415161 0.29471529]
 [0.18978192 0.63317078]
 [0.66332495 0.97166675]
 [0.39864463 0.        ]
 [0.90600312 0.35297379]
 [0.11370332 0.70209771]
 [0.6049819  0.13865975]
 [0.36497968 0.47297111]
 [0.8453849  0.79120457]]