Halton point set n=60 before optimization: 
[[0.         0.        ]
 [0.5        0.33333333]
 [0.25       0.66666667]
 [0.75       0.11111111]
 [0.125      0.44444444]
 [0.625      0.77777778]
 [0.375      0.22222222]
 [0.875      0.55555556]
 [0.0625     0.88888889]
 [0.5625     0.03703704]
 [0.3125     0.37037037]
 [0.8125     0.7037037 ]
 [0.1875     0.14814815]
 [0.6875     0.48148148]
 [0.4375     0.81481481]
 [0.9375     0.25925926]
 [0.03125    0.59259259]
 [0.53125    0.92592593]
 [0.28125    0.07407407]
 [0.78125    0.40740741]
 [0.15625    0.74074074]
 [0.65625    0.18518519]
 [0.40625    0.51851852]
 [0.90625    0.85185185]
 [0.09375    0.2962963 ]
 [0.59375    0.62962963]
 [0.34375    0.96296296]
 [0.84375    0.01234568]
 [0.21875    0.34567901]
 [0.71875    0.67901235]
 [0.46875    0.12345679]
 [0.96875    0.45679012]
 [0.015625   0.79012346]
 [0.515625   0.2345679 ]
 [0.265625   0.56790123]
 [0.765625   0.90123457]
 [0.140625   0.04938272]
 [0.640625   0.38271605]
 [0.390625   0.71604938]
 [0.890625   0.16049383]
 [0.078125   0.49382716]
 [0.578125   0.82716049]
 [0.328125   0.27160494]
 [0.828125   0.60493827]
 [0.203125   0.9382716 ]
 [0.703125   0.08641975]
 [0.453125   0.41975309]
 [0.953125   0.75308642]
 [0.046875   0.19753086]
 [0.546875   0.5308642 ]
 [0.296875   0.86419753]
 [0.796875   0.30864198]
 [0.171875   0.64197531]
 [0.671875   0.97530864]
 [0.421875   0.02469136]
 [0.921875   0.35802469]
 [0.109375   0.69135802]
 [0.609375   0.13580247]
 [0.359375   0.4691358 ]
 [0.859375   0.80246914]]

Halton point set n=60 after optimization: 
[[0.         0.        ]
 [0.50140214 0.3301824 ]
 [0.25385663 0.66487864]
 [0.75650243 0.11318968]
 [0.1343592  0.43762708]
 [0.63152329 0.77120251]
 [0.38132361 0.22247249]
 [0.88053055 0.55456804]
 [0.06921021 0.90075563]
 [0.56372914 0.04238324]
 [0.31013403 0.37946013]
 [0.80640533 0.71021538]
 [0.19261377 0.15726836]
 [0.69688002 0.49451216]
 [0.44944576 0.81921796]
 [0.95092005 0.25681724]
 [0.03006595 0.59119535]
 [0.52645556 0.92059139]
 [0.27506543 0.08017754]
 [0.7782327  0.41250926]
 [0.16795572 0.7500837 ]
 [0.66746248 0.2017062 ]
 [0.42003173 0.53122292]
 [0.91715205 0.86607614]
 [0.09746512 0.29101612]
 [0.59692026 0.62798089]
 [0.34721535 0.96043182]
 [0.85066103 0.01569478]
 [0.22749129 0.34185455]
 [0.72547865 0.6739394 ]
 [0.4754372  0.12613523]
 [0.98018411 0.45808638]
 [0.01775555 0.79890144]
 [0.52138272 0.24876817]
 [0.27259205 0.57714345]
 [0.76758941 0.90979414]
 [0.14295821 0.06042826]
 [0.64699513 0.39356575]
 [0.39888775 0.72677122]
 [0.89851871 0.17475284]
 [0.07867529 0.50803537]
 [0.5793135  0.84045499]
 [0.3292867  0.27525977]
 [0.8288095  0.60815263]
 [0.21446231 0.94401114]
 [0.71925625 0.08917789]
 [0.46666015 0.43150939]
 [0.96181589 0.76004315]
 [0.04682697 0.20631726]
 [0.54901933 0.54927022]
 [0.30087715 0.87311831]
 [0.80206098 0.30976648]
 [0.18747392 0.64008698]
 [0.68247879 0.97211986]
 [0.42543709 0.02164438]
 [0.92756649 0.35956337]
 [0.1147456  0.69606202]
 [0.61414195 0.1499406 ]
 [0.36511568 0.4796667 ]
 [0.86375529 0.8145997 ]]