before: 
[[0.         0.        ]
 [0.5        0.33333333]
 [0.25       0.66666667]
 [0.75       0.11111111]
 [0.125      0.44444444]
 [0.625      0.77777778]
 [0.375      0.22222222]
 [0.875      0.55555556]
 [0.0625     0.88888889]
 [0.5625     0.03703704]
 [0.3125     0.37037037]
 [0.8125     0.7037037 ]
 [0.1875     0.14814815]
 [0.6875     0.48148148]
 [0.4375     0.81481481]
 [0.9375     0.25925926]
 [0.03125    0.59259259]
 [0.53125    0.92592593]
 [0.28125    0.07407407]
 [0.78125    0.40740741]
 [0.15625    0.74074074]
 [0.65625    0.18518519]
 [0.40625    0.51851852]
 [0.90625    0.85185185]
 [0.09375    0.2962963 ]
 [0.59375    0.62962963]
 [0.34375    0.96296296]
 [0.84375    0.01234568]
 [0.21875    0.34567901]
 [0.71875    0.67901235]
 [0.46875    0.12345679]
 [0.96875    0.45679012]
 [0.015625   0.79012346]
 [0.515625   0.2345679 ]
 [0.265625   0.56790123]
 [0.765625   0.90123457]
 [0.140625   0.04938272]
 [0.640625   0.38271605]
 [0.390625   0.71604938]
 [0.890625   0.16049383]
 [0.078125   0.49382716]
 [0.578125   0.82716049]
 [0.328125   0.27160494]
 [0.828125   0.60493827]
 [0.203125   0.9382716 ]
 [0.703125   0.08641975]
 [0.453125   0.41975309]
 [0.953125   0.75308642]
 [0.046875   0.19753086]
 [0.546875   0.5308642 ]
 [0.296875   0.86419753]
 [0.796875   0.30864198]
 [0.171875   0.64197531]
 [0.671875   0.97530864]
 [0.421875   0.02469136]
 [0.921875   0.35802469]
 [0.109375   0.69135802]
 [0.609375   0.13580247]
 [0.359375   0.4691358 ]
 [0.859375   0.80246914]]

after optimization:
[[0.01105018 0.01105017]
 [0.50971854 0.3432605 ]
 [0.25895336 0.676723  ]
 [0.7607466  0.12659341]
 [0.14145412 0.45667061]
 [0.64162451 0.79041523]
 [0.38882154 0.24336959]
 [0.89073938 0.57455248]
 [0.07529811 0.90701121]
 [0.57692581 0.05871497]
 [0.32227635 0.39184672]
 [0.82384002 0.72574842]
 [0.20875186 0.17714483]
 [0.70650077 0.50738949]
 [0.45812607 0.83978659]
 [0.95898718 0.27522251]
 [0.04154821 0.60749084]
 [0.54176342 0.93905163]
 [0.29016146 0.0960189 ]
 [0.78994471 0.4255102 ]
 [0.17644387 0.76224279]
 [0.67685628 0.20972002]
 [0.42373475 0.54191476]
 [0.92467415 0.8747381 ]
 [0.10766962 0.31000793]
 [0.60787088 0.64087093]
 [0.35843822 0.97545302]
 [0.85964555 0.02521816]
 [0.23959126 0.36015981]
 [0.74083298 0.69238335]
 [0.48986381 0.14339182]
 [0.99107343 0.47501856]
 [0.02538709 0.80944008]
 [0.52883095 0.26187435]
 [0.27522719 0.58872461]
 [0.77449137 0.9235214 ]
 [0.1596178  0.07715608]
 [0.6577118  0.40908778]
 [0.40791276 0.74276084]
 [0.90864289 0.1924035 ]
 [0.09007947 0.5211603 ]
 [0.59140921 0.85725766]
 [0.34069139 0.29112455]
 [0.84090465 0.62458032]
 [0.22520156 0.95685959]
 [0.72527736 0.10982837]
 [0.47286484 0.44116056]
 [0.97471082 0.77497643]
 [0.05928805 0.2246017 ]
 [0.55861986 0.55954564]
 [0.30875868 0.88703376]
 [0.80885988 0.32578924]
 [0.19315961 0.65667468]
 [0.69169122 0.99145967]
 [0.43887812 0.04134425]
 [0.939762   0.37534019]
 [0.12525155 0.71073323]
 [0.6252073  0.16085213]
 [0.37193397 0.48906356]
 [0.87430429 0.82459754]]