Random point set n=100 before optmization: 
[[0.65229926 0.04377532]
 [0.02002959 0.83921258]
 [0.58714305 0.22470523]
 [0.75179227 0.2636922 ]
 [0.41997791 0.45103139]
 [0.95531458 0.89190167]
 [0.27863303 0.2785343 ]
 [0.42199957 0.00407772]
 [0.30892377 0.95175402]
 [0.83820478 0.53512826]
 [0.48548855 0.94512668]
 [0.59317419 0.94286792]
 [0.99788174 0.03376465]
 [0.1185606  0.76119884]
 [0.12613747 0.34184286]
 [0.30001929 0.55104509]
 [0.05061976 0.45097038]
 [0.55541656 0.11917052]
 [0.34142509 0.50455175]
 [0.30396511 0.41783634]
 [0.414561   0.09331384]
 [0.5879964  0.07405586]
 [0.58051943 0.08287152]
 [0.53912382 0.85076898]
 [0.28879626 0.08274486]
 [0.32048009 0.42449919]
 [0.61216561 0.15153183]
 [0.00396136 0.84308231]
 [0.45508932 0.57363061]
 [0.80132816 0.76324704]
 [0.86193407 0.32195104]
 [0.19379455 0.01270358]
 [0.39605705 0.60650514]
 [0.56651763 0.87881622]
 [0.82777832 0.49653529]
 [0.12269103 0.5005766 ]
 [0.91948609 0.88085581]
 [0.67407559 0.65890574]
 [0.82903212 0.68703841]
 [0.62419285 0.40176159]
 [0.39950676 0.48634354]
 [0.8817299  0.64152684]
 [0.82546494 0.5026809 ]
 [0.53646543 0.69879296]
 [0.69457628 0.21947346]
 [0.92693474 0.22467368]
 [0.65817429 0.36235506]
 [0.28150132 0.99322599]
 [0.67953085 0.2833593 ]
 [0.72718902 0.75265104]
 [0.36286851 0.93316466]
 [0.96948513 0.2654225 ]
 [0.73068872 0.20190041]
 [0.21841922 0.77264494]
 [0.94521576 0.49597075]
 [0.3140313  0.2823069 ]
 [0.45379243 0.64028066]
 [0.91898957 0.74751909]
 [0.87956059 0.75883529]
 [0.43039237 0.95345302]
 [0.60702548 0.45320303]
 [0.67859766 0.75345026]
 [0.57134543 0.48334962]
 [0.91388379 0.50790881]
 [0.53805063 0.93664188]
 [0.96114887 0.65180861]
 [0.42821136 0.14471262]
 [0.09949524 0.30438475]
 [0.00996274 0.84813777]
 [0.22370561 0.15942489]
 [0.49201404 0.63923365]
 [0.04034077 0.12739326]
 [0.95981155 0.61004632]
 [0.93295245 0.21088228]
 [0.80032904 0.14632321]
 [0.62088736 0.80429679]
 [0.16802044 0.09119957]
 [0.64647904 0.479043  ]
 [0.53804259 0.69395835]
 [0.84711186 0.63701225]
 [0.83101137 0.97374615]
 [0.98895085 0.39269301]
 [0.24177873 0.86276492]
 [0.33036827 0.80624212]
 [0.20165601 0.17489233]
 [0.43386117 0.39178852]
 [0.08157375 0.95856593]
 [0.32417561 0.11572699]
 [0.2469342  0.07311397]
 [0.56104337 0.79393252]
 [0.67006779 0.39928527]
 [0.78475314 0.41999053]
 [0.00692485 0.4075239 ]
 [0.11583361 0.1475237 ]
 [0.14181223 0.29924825]
 [0.33015436 0.58063268]
 [0.93406534 0.58770641]
 [0.84350981 0.9785666 ]
 [0.52684071 0.1023884 ]
 [0.0489034  0.84300439]]

Random point set n=100 after optmization:
