Before:
[[0.23514252 0.34904766]
 [0.41985486 0.35029711]
 [0.39476781 0.49422081]
 [0.27610878 0.67892083]
 [0.21012963 0.84035076]
 [0.20971484 0.04365551]
 [0.11334932 0.42656655]
 [0.9642581  0.24772218]
 [0.2408405  0.19093407]
 [0.56095603 0.07514426]
 [0.86195156 0.1830208 ]
 [0.97745774 0.1050186 ]
 [0.63888344 0.60374091]
 [0.98159301 0.07326623]
 [0.86685451 0.16612704]
 [0.64658858 0.2717789 ]
 [0.98607438 0.97628758]
 [0.19745771 0.70808754]
 [0.67722755 0.23645455]
 [0.20086167 0.28137104]
 [0.51259129 0.31857504]
 [0.32782217 0.56207949]
 [0.84735465 0.7211317 ]
 [0.18967933 0.90132819]
 [0.85936743 0.64725915]
 [0.16275739 0.24352548]
 [0.41081956 0.14060241]
 [0.40532876 0.41845934]
 [0.5676438  0.27798913]
 [0.12619717 0.05192304]
 [0.984384   0.47355988]
 [0.42189574 0.61640019]
 [0.30808966 0.79054888]
 [0.42806486 0.12533094]
 [0.66910372 0.47902329]
 [0.05770229 0.60748166]
 [0.44686975 0.28071897]
 [0.8597907  0.24414038]
 [0.93960352 0.74931327]
 [0.92807321 0.05545833]
 [0.58838347 0.98685308]
 [0.54105626 0.38797592]
 [0.84287683 0.12994818]
 [0.80722207 0.23089266]
 [0.18901242 0.62876947]
 [0.83560785 0.14326019]
 [0.05739916 0.04791292]
 [0.7575782  0.70688594]
 [0.02711426 0.87958274]
 [0.16649298 0.67303963]
 [0.6563061  0.24044833]
 [0.65636471 0.81411487]
 [0.59090067 0.68989306]
 [0.27015774 0.0723415 ]
 [0.08113014 0.02787326]
 [0.1793603  0.07666579]
 [0.34851679 0.25837205]
 [0.94048118 0.34755415]
 [0.35266789 0.03794066]
 [0.46624258 0.1986555 ]]

After:
[[0.24153143 0.42093977]
 [0.43536356 0.4427309 ]
 [0.3869876  0.56548822]
 [0.31705049 0.71972132]
 [0.29175192 0.87302005]
 [0.17571045 0.        ]
 [0.10204039 0.51061094]
 [0.96989548 0.30937439]
 [0.25793216 0.17721863]
 [0.58613408 0.03908579]
 [0.9119699  0.1565455 ]
 [1.         0.08013866]
 [0.63687009 0.62575829]
 [1.         0.05097171]
 [0.96009779 0.11816121]
 [0.66473442 0.32273749]
 [0.8881489  0.89257342]
 [0.23205845 0.77895916]
 [0.73470974 0.22964829]
 [0.17337547 0.3703115 ]
 [0.53896534 0.4042173 ]
 [0.34505501 0.60189837]
 [0.77540743 0.7913056 ]
 [0.2132493  0.91429257]
 [0.81098706 0.6737926 ]
 [0.1240461  0.24951628]
 [0.33833474 0.14148258]
 [0.41103321 0.50605041]
 [0.61004436 0.34433845]
 [0.08381725 0.        ]
 [0.91909873 0.54123211]
 [0.47846135 0.67004555]
 [0.38491195 0.82856381]
 [0.44600409 0.09457855]
 [0.71464026 0.55222493]
 [0.07136543 0.57529312]
 [0.48311996 0.35837293]
 [0.84518754 0.31470138]
 [0.85239339 0.81438428]
 [0.98577589 0.        ]
 [0.52413416 0.92019284]
 [0.56948894 0.48613638]
 [0.8365348  0.04381138]
 [0.77376932 0.20271087]
 [0.19514778 0.63857478]
 [0.79860836 0.1044251 ]
 [0.05094125 0.08063079]
 [0.73952878 0.75328004]
 [0.06315219 0.87726045]
 [0.13968168 0.69861543]
 [0.68693304 0.26162159]
 [0.65005982 0.85603034]
 [0.58359015 0.73755419]
 [0.27612129 0.02222042]
 [0.0522636  0.        ]
 [0.15155502 0.08964642]
 [0.29588529 0.28362498]
 [0.87253517 0.4676885 ]
 [0.32669836 0.        ]
 [0.50668013 0.1874644 ]]