Before optimization:
[[0.       0.      ]
 [0.5      0.5     ]
 [0.75     0.25    ]
 [0.25     0.75    ]
 [0.375    0.375   ]
 [0.875    0.875   ]
 [0.625    0.125   ]
 [0.125    0.625   ]
 [0.1875   0.3125  ]
 [0.6875   0.8125  ]
 [0.9375   0.0625  ]
 [0.4375   0.5625  ]
 [0.3125   0.1875  ]
 [0.8125   0.6875  ]
 [0.5625   0.4375  ]
 [0.0625   0.9375  ]
 [0.09375  0.46875 ]
 [0.59375  0.96875 ]
 [0.84375  0.21875 ]
 [0.34375  0.71875 ]
 [0.46875  0.09375 ]
 [0.96875  0.59375 ]
 [0.71875  0.34375 ]
 [0.21875  0.84375 ]
 [0.15625  0.15625 ]
 [0.65625  0.65625 ]
 [0.90625  0.40625 ]
 [0.40625  0.90625 ]
 [0.28125  0.28125 ]
 [0.78125  0.78125 ]
 [0.53125  0.03125 ]
 [0.03125  0.53125 ]
 [0.046875 0.265625]
 [0.546875 0.765625]
 [0.796875 0.015625]
 [0.296875 0.515625]
 [0.421875 0.140625]
 [0.921875 0.640625]
 [0.671875 0.390625]
 [0.171875 0.890625]
 [0.234375 0.078125]
 [0.734375 0.578125]
 [0.984375 0.328125]
 [0.484375 0.828125]
 [0.359375 0.453125]
 [0.859375 0.953125]
 [0.609375 0.203125]
 [0.109375 0.703125]
 [0.078125 0.234375]
 [0.578125 0.734375]
 [0.828125 0.484375]
 [0.328125 0.984375]
 [0.453125 0.359375]
 [0.953125 0.859375]
 [0.703125 0.109375]
 [0.203125 0.609375]
 [0.140625 0.421875]
 [0.640625 0.921875]
 [0.890625 0.171875]
 [0.390625 0.671875]]

After optimization:
[[0.01105017 0.0110502 ]
 [0.51040399 0.50762641]
 [0.75901079 0.2585856 ]
 [0.25902686 0.76200306]
 [0.37641045 0.37365094]
 [0.87426358 0.87426388]
 [0.62508243 0.12453208]
 [0.12658021 0.62927616]
 [0.19505559 0.31174591]
 [0.69070411 0.8093707 ]
 [0.94232625 0.05842533]
 [0.44219989 0.562558  ]
 [0.31344166 0.18981986]
 [0.80921274 0.69070655]
 [0.5613538  0.43956864]
 [0.05842651 0.94189078]
 [0.09430151 0.47583166]
 [0.5915944  0.97366464]
 [0.84428781 0.22530814]
 [0.34129581 0.72594267]
 [0.4765878  0.09071635]
 [0.97339678 0.59159499]
 [0.72373033 0.34042192]
 [0.2253174  0.84417993]
 [0.16280197 0.15719719]
 [0.65619385 0.65614843]
 [0.90714115 0.40813786]
 [0.40814272 0.90730101]
 [0.27740672 0.29163569]
 [0.77538663 0.7924158 ]
 [0.52744412 0.04184039]
 [0.02690623 0.54610968]
 [0.04608309 0.27293304]
 [0.54265243 0.77737409]
 [0.79241663 0.02545408]
 [0.29466501 0.52537096]
 [0.42176473 0.14029066]
 [0.92409021 0.64131117]
 [0.67232472 0.39160225]
 [0.17517883 0.88857275]
 [0.24318685 0.07223538]
 [0.741391   0.57682705]
 [0.99036241 0.32501474]
 [0.49172616 0.82641459]
 [0.35841456 0.45640674]
 [0.85829026 0.95811534]
 [0.60498363 0.20893244]
 [0.108903   0.70858437]
 [0.07794112 0.23754489]
 [0.57699388 0.7414425 ]
 [0.82616156 0.49171942]
 [0.32501453 0.99042827]
 [0.45913789 0.35564601]
 [0.95811504 0.85829568]
 [0.70423871 0.10777462]
 [0.21116833 0.6084556 ]
 [0.14435925 0.42055288]
 [0.64131296 0.92426544]
 [0.88876408 0.17517182]
 [0.3930428  0.67404258]]