before:
[[0.       0.      ]
 [0.5      0.5     ]
 [0.75     0.25    ]
 [0.25     0.75    ]
 [0.375    0.375   ]
 [0.875    0.875   ]
 [0.625    0.125   ]
 [0.125    0.625   ]
 [0.1875   0.3125  ]
 [0.6875   0.8125  ]
 [0.9375   0.0625  ]
 [0.4375   0.5625  ]
 [0.3125   0.1875  ]
 [0.8125   0.6875  ]
 [0.5625   0.4375  ]
 [0.0625   0.9375  ]
 [0.09375  0.46875 ]
 [0.59375  0.96875 ]
 [0.84375  0.21875 ]
 [0.34375  0.71875 ]
 [0.46875  0.09375 ]
 [0.96875  0.59375 ]
 [0.71875  0.34375 ]
 [0.21875  0.84375 ]
 [0.15625  0.15625 ]
 [0.65625  0.65625 ]
 [0.90625  0.40625 ]
 [0.40625  0.90625 ]
 [0.28125  0.28125 ]
 [0.78125  0.78125 ]
 [0.53125  0.03125 ]
 [0.03125  0.53125 ]
 [0.046875 0.265625]
 [0.546875 0.765625]
 [0.796875 0.015625]
 [0.296875 0.515625]
 [0.421875 0.140625]
 [0.921875 0.640625]
 [0.671875 0.390625]
 [0.171875 0.890625]
 [0.234375 0.078125]
 [0.734375 0.578125]
 [0.984375 0.328125]
 [0.484375 0.828125]
 [0.359375 0.453125]
 [0.859375 0.953125]
 [0.609375 0.203125]
 [0.109375 0.703125]
 [0.078125 0.234375]
 [0.578125 0.734375]
 [0.828125 0.484375]
 [0.328125 0.984375]
 [0.453125 0.359375]
 [0.953125 0.859375]
 [0.703125 0.109375]
 [0.203125 0.609375]
 [0.140625 0.421875]
 [0.640625 0.921875]
 [0.890625 0.171875]
 [0.390625 0.671875]]

After:
[[0.00371126 0.01401551]
 [0.5176388  0.50921994]
 [0.7597419  0.27257407]
 [0.25620008 0.76121044]
 [0.38220093 0.37032077]
 [0.8594988  0.88637972]
 [0.61939967 0.13452245]
 [0.12264499 0.62685204]
 [0.19272564 0.310433  ]
 [0.68668526 0.82130593]
 [0.93008685 0.05646021]
 [0.44884256 0.56012207]
 [0.31899387 0.20140134]
 [0.79682791 0.68291104]
 [0.56372064 0.44000313]
 [0.05085679 0.94764423]
 [0.07335606 0.48079303]
 [0.54503304 0.98482412]
 [0.84011489 0.24634102]
 [0.33190358 0.71269089]
 [0.49184003 0.08336273]
 [0.95604432 0.5836854 ]
 [0.71022838 0.32515416]
 [0.23163989 0.85955387]
 [0.16185537 0.16585876]
 [0.6405744  0.634372  ]
 [0.88868946 0.42251003]
 [0.41408503 0.9147287 ]
 [0.26907167 0.28005457]
 [0.77115303 0.79187894]
 [0.53103334 0.03105491]
 [0.00715727 0.55366486]
 [0.02575364 0.26076144]
 [0.53639066 0.77523035]
 [0.78919083 0.00995945]
 [0.29123288 0.53122789]
 [0.42306003 0.15505312]
 [0.90955001 0.61687154]
 [0.66268694 0.3959963 ]
 [0.16872841 0.893812  ]
 [0.23721972 0.0639821 ]
 [0.73220932 0.57407463]
 [0.97532034 0.30546334]
 [0.48147786 0.84285003]
 [0.35328865 0.46177614]
 [0.83027112 0.96706986]
 [0.58071011 0.23027653]
 [0.093665   0.70081282]
 [0.05830839 0.21532232]
 [0.60004747 0.72816706]
 [0.81716001 0.48906526]
 [0.30736452 1.        ]
 [0.47332865 0.34141693]
 [0.93906552 0.86248988]
 [0.69598269 0.10441767]
 [0.21203305 0.59732652]
 [0.14459138 0.41067755]
 [0.62369287 0.93829864]
 [0.87173092 0.17890239]
 [0.40350592 0.66235423]]