Sobol point set n=60 before optimization:
[[0.       0.      ]
 [0.5      0.5     ]
 [0.75     0.25    ]
 [0.25     0.75    ]
 [0.375    0.375   ]
 [0.875    0.875   ]
 [0.625    0.125   ]
 [0.125    0.625   ]
 [0.1875   0.3125  ]
 [0.6875   0.8125  ]
 [0.9375   0.0625  ]
 [0.4375   0.5625  ]
 [0.3125   0.1875  ]
 [0.8125   0.6875  ]
 [0.5625   0.4375  ]
 [0.0625   0.9375  ]
 [0.09375  0.46875 ]
 [0.59375  0.96875 ]
 [0.84375  0.21875 ]
 [0.34375  0.71875 ]
 [0.46875  0.09375 ]
 [0.96875  0.59375 ]
 [0.71875  0.34375 ]
 [0.21875  0.84375 ]
 [0.15625  0.15625 ]
 [0.65625  0.65625 ]
 [0.90625  0.40625 ]
 [0.40625  0.90625 ]
 [0.28125  0.28125 ]
 [0.78125  0.78125 ]
 [0.53125  0.03125 ]
 [0.03125  0.53125 ]
 [0.046875 0.265625]
 [0.546875 0.765625]
 [0.796875 0.015625]
 [0.296875 0.515625]
 [0.421875 0.140625]
 [0.921875 0.640625]
 [0.671875 0.390625]
 [0.171875 0.890625]
 [0.234375 0.078125]
 [0.734375 0.578125]
 [0.984375 0.328125]
 [0.484375 0.828125]
 [0.359375 0.453125]
 [0.859375 0.953125]
 [0.609375 0.203125]
 [0.109375 0.703125]
 [0.078125 0.234375]
 [0.578125 0.734375]
 [0.828125 0.484375]
 [0.328125 0.984375]
 [0.453125 0.359375]
 [0.953125 0.859375]
 [0.703125 0.109375]
 [0.203125 0.609375]
 [0.140625 0.421875]
 [0.640625 0.921875]
 [0.890625 0.171875]
 [0.390625 0.671875]]

Sobol point set n=60 after optimization:
[[0.0121085  0.00505813]
 [0.5121085  0.50505813]
 [0.75721696 0.26058364]
 [0.25721696 0.76058364]
 [0.37748304 0.37013584]
 [0.87748304 0.87013584]
 [0.62498824 0.12880425]
 [0.12498824 0.62880425]
 [0.19373448 0.30669854]
 [0.69373448 0.80669854]
 [0.94376534 0.05852238]
 [0.44376534 0.55852238]
 [0.30863074 0.18853624]
 [0.80863074 0.68853624]
 [0.56139019 0.43773504]
 [0.06139019 0.93773504]
 [0.08687217 0.47151376]
 [0.58687217 0.97151376]
 [0.83820384 0.22207499]
 [0.33820384 0.72207499]
 [0.46974127 0.08845076]
 [0.96974127 0.58845076]
 [0.72121757 0.33902114]
 [0.22121757 0.83902114]
 [0.15495923 0.14789178]
 [0.65495923 0.64789178]
 [0.90288883 0.40682685]
 [0.40288883 0.90682685]
 [0.27405989 0.28364417]
 [0.77405989 0.78364417]
 [0.51992808 0.03828189]
 [0.01992808 0.53828189]
 [0.03869248 0.2699305 ]
 [0.53869248 0.7699305 ]
 [0.7906177  0.02269432]
 [0.2906177  0.52269432]
 [0.42014483 0.14289136]
 [0.92014483 0.64289136]
 [0.67064654 0.3911565 ]
 [0.17064654 0.8911565 ]
 [0.2383397  0.06976851]
 [0.7383397  0.56976851]
 [0.98483936 0.32652405]
 [0.48483936 0.82652405]
 [0.35601334 0.4546842 ]
 [0.85601334 0.9546842 ]
 [0.60103711 0.2125196 ]
 [0.10103711 0.7125196 ]
 [0.07761721 0.23062273]
 [0.57761721 0.73062273]
 [0.8226614  0.48860586]
 [0.3226614  0.98860586]
 [0.46200518 0.34861301]
 [0.96200518 0.84861301]
 [0.70853317 0.10504856]
 [0.20853317 0.60504856]
 [0.14331184 0.41966254]
 [0.64331184 0.91966254]
 [0.89240059 0.16933817]
 [0.39240059 0.66933817]]